2.0683143687571803,-1.3669049695740396,-0.16310032574439237,-2.3851314076831684,0.6746912380287009,0.4560705456208032,-2.8511819032961156,-2.2316093771484264,2.993111790618702,-2.723803039162597,1.6917862500432115,-2.8753182341131174,-0.23083602431139116,0.6132954209949109,-1.2132170375094176,0.9113582099278013,-0.8453198544362897,0.36662299213914684,2.5709389732050885,-1.5487890812056146,1.7732604137606405,-2.939827297513774,2.847658364008012,-0.1378907760938506,-0.40954862434594563,-0.506250843196514,-0.17269682837282607,-0.39521113282604947,0.3927184097578462,1.8280779134857168,2.5694128734512613,-1.375444120975752,1.0523952319510448,-0.6978691577774065,-0.22076753305632346,-0.7783901603548342,2.5663447718620906,0.8882696434681399,1.2906139628214337,0.11086554595999942,2.1041087100972025,2.235733029793174,-1.9158405587425613,1.395819448010009,-0.013128683593650159,-0.7645859784188582,-1.9562360128647647,0.3821812679210357
numHidden 	5
numGenes 	48
minGene 	-3.0
maxGene 	3.0
popSize 	40
maxEvaluations 	20000
mutateRate 	0.01
mutateChange 	0.1
seed 	1712090765086
random 	java.util.Random@6feaf40d
neuralNetworkClass 	class coursework.ExampleEvolutionaryAlgorithm
Training Set Training
Fitness 0.05894261297532208