-1.3990251848858992,0.14144381097201864,2.3094636170719607,1.3703491958582426,-2.0507276427210135,2.2527609730364526,2.7647840064204363,2.8864964006556075,-2.3338124128844577,-1.4552382174416156,-1.6892211144893294,2.860510777824542,2.9682048439248927,-2.462493976397615,-2.136150480451943,-0.38406034279852275,0.23244743847412952,1.8111810672492927,1.0695637765802868,1.9758307083806566,-1.6945559574591282,1.4933064177911923,2.3263572909685966,0.049976304659809845,-0.8659175125295984,-0.6245785457971094,-0.6154354333481855,-2.721435587047883,-1.2793571975050066,-0.29832222839122924,-2.431427990419408,0.09399232828709003,2.4799742163551253,2.6698004504838497,-2.5351961721961445,2.0293933453061035,1.0905511485442334,-2.879567049728136,2.650676366930475,1.0067288858595171,1.8823159360627137,-1.2360747356321786,-1.2904230766998481,-0.12091186564755763,0.6928889427388532,-1.3958279154099291,1.3843433310850592,1.0811422128738926
numHidden 	5
numGenes 	48
minGene 	-3.0
maxGene 	3.0
popSize 	40
maxEvaluations 	20000
mutateRate 	0.01
mutateChange 	0.1
seed 	1712091435010
random 	java.util.Random@6feaf40d
neuralNetworkClass 	class coursework.ExampleEvolutionaryAlgorithm
Training Set Training
Fitness 0.12652703545823796