0.7986263213008558,-2.577370136882249,-1.4120607582922324,2.9444829997660493,-0.6802979015282444,-0.4095212459538664,-0.0552422033726101,-1.6897568364789037,-0.5029201115991246,0.702561369137964,-1.6514758949577224,-2.6751543555178046,-1.6353952343696547,-1.458283756235599,1.6114958853832801,0.7042989388037415,0.23521959461741115,1.517996513229285,1.4356683128138767,1.4580704115511445,0.6669060601707804,-0.47258067902328005,2.6060084828244685,0.48626218486427364,-0.4407754985116643,-0.14543226100679396,0.04887793698389409,0.8993181653190425,-2.201641375110758,1.8431044629600946,2.375697175354622,-2.4900904796185537,-2.242753425099511,-2.6311961652963136,-0.8606679439884717,2.7259415959114692,-1.2164518124314678,-0.10224250986103645,-2.4244006669407643,0.2904214656213915,-1.428127591675882,-0.902047930941555,1.0847166224246072,-0.031776818485250935,2.017860782805598,0.5954689906737576,2.12743738488376,-0.6284162246501488
numHidden 	5
numGenes 	48
minGene 	-3.0
maxGene 	3.0
popSize 	200
maxEvaluations 	20000
mutateRate 	0.01
mutateChange 	0.1
seed 	1712091547460
random 	java.util.Random@887af79
neuralNetworkClass 	class coursework.ExampleEvolutionaryAlgorithm
Training Set Training
Fitness 0.12615131109477484