-2.200827487477299,-0.27830669425286225,-1.7214217112439654,-2.374539683282067,-3.057689682630655,2.769341971045656,-1.4526371480089804,-1.9861714796618726,2.4563367972571077,1.8537848879798324,0.6730991104453588,0.8335711709077155,0.15227162261808388,-0.27003209514033766,1.8209689717221886,2.1891820945236744,-2.3622941156414425,-3.4636941946830824,1.2515386358993366,-2.683048619167512,-0.4783039142399247,-1.3393162752560883,-0.8596115348916993,1.0223677180567532,1.2140553953820934,-1.2225584829978657,-1.135282830505327,1.2059503579906365,1.6957404756061192,-1.147749543877425,-0.7736085550248121,-0.08436253261195192,2.0569511896814054,-2.4964070639001013,2.1195830765459207,-0.2756024750917825,2.156984622047004,2.638849491113166,-1.3726926144939293,-0.7702188310870267,2.154805807466376,-1.6502051467289138,-0.655151859483093,1.3076764870812245,-0.6082811590095571,0.7566041071405747,0.67922833660145,2.825577333099701
numHidden 	5
numGenes 	48
minGene 	-3.0
maxGene 	3.0
popSize 	40
maxEvaluations 	20000
mutateRate 	0.01
mutateChange 	0.1
seed 	1712076290613
random 	java.util.Random@f00ac34
neuralNetworkClass 	class coursework.ExampleEvolutionaryAlgorithm
Training Set Training
Fitness 0.12748919484769883